1|0|3|4|1|u|0|_|a|3|4|1
1|0|2|3|7|u|0|_|a|2|3|7
1|0|1|9|0|u|0|_|a|1|9|0
1|1|2|4|8|u|0|_|a|1|2|4|8
1|0|2|6|4|u|0|_|a|2|6|4
1|0|1|5|6|u|0|_|a|1|5|6
1|0|3|7|4|u|0|_|a|3|7|4
1|1|3|4|5|u|0|_|a|1|3|4|5
1|0|2|6|2|u|0|_|a|2|6|2
1|0|5|8|1|u|0|_|a|5|8|1
1|0|4|2|4|u|0|_|a|4|2|4
1|0|3|2|3|u|0|_|a|3|2|3
1|0|1|3|4|u|0|_|a|1|3|4
1|0|1|3|8|u|0|_|a|1|3|8
1|0|3|8|5|u|0|_|a|3|8|5
1|0|5|1|1|u|0|_|a|5|1|1
1|0|1|5|0|u|0|_|a|1|5|0
1|0|0|0|5|u|0|_|a|5
1|0|1|4|4|u|0|_|a|1|4|4
1|0|2|8|1|u|0|_|a|2|8|1
1|0|2|4|1|u|0|_|a|2|4|1
1|0|2|3|5|u|0|_|a|2|3|5
1|0|5|2|3|u|0|_|a|5|2|3
1|0|2|3|5|u|0|_|a|2|3|5
1|0|3|5|0|u|0|_|a|3|5|0
1|0|2|7|9|u|0|_|a|2|7|9
1|0|5|5|5|u|0|_|a|5|5|5
1|0|2|5|6|u|0|_|a|2|5|6
1|0|5|6|5|u|0|_|a|5|6|5
